player_circle=[190.0, 75, 3.447999954223633, [0.14509804546833038, 0.6666666865348816, 0.8549019694328308, 0.2235294133424759], false, true]
show_minion_hit=1
