key_kite=57
key_lane_push=45
key_last_hit=46
max_atk_speed=4.711000
move_interval=0.080000
ping=60.494999
target=[1]
