key_kite=57
key_lane_push=0
key_last_hit=46
max_atk_speed=1.495000
move_interval=0.101000
ping=60.494999
target=[1]
